2.91105
1.03641
19.01118
124.75154
17.12276
16.01927
19.61974
32.89198
3.14421
33.41951
13.2241
6.0929
2.38395
7.11191
10.99113
74.90821
35.82567
17.90366
25.61929
7.89619
9.70006
3.85733
0.55669
63.05199
8.9511
27.6656
22.00506
69.23728
31.86578
9.96803
6.20904
19.22267
40.78286
20.15153
4.91193
4.78366
24.32246
77.42311
18.41222
16.8802
71.17647
41.97425
3.82147
12.38016
16.98518
10.05496
125.59301
33.39455
127.96621
58.54006
8.59791
7.67098
5.50919
49.71622
41.91096
25.18317
81.50365
13.01041
9.63183
5.61659
26.56114
37.94919
6.2525
31.40845
19.59504
10.74572
7.6091
10.09886
33.54406
17.45418
4.12064
2.93706
42.72942
10.2804
3.95276
6.34902
61.37876
11.26495
6.102
13.13293
16.09482
3.16357
0.51969
0.73803
2.38497
6.40009
3.54467
2.71079
10.80314
5.08396
2.98302
4.88201
0.62302
3.1666
10.30038
14.04372
11.53955
18.58491
34.68235
14.93547
40.96585
5.84541
35.13889
12.79464
6.84903
2.71279
17.40318
184.64429
25.6109
61.78148
17.82909
4.21106
9.1371
8.77791
10.19092
12.62265
11.99001
2.21215
1.38998
34.31866
19.98433
3.87399
27.5274
79.32238
9.43284
8.08015
12.2491
25.44044
5.90851
8.87948
36.32746
4.5827
0.72632
0.96759
5.40486
49.25248
52.60425
25.26517
15.91344
12.78255
16.61135
8.67221
27.76486
6.99759
31.67712
0.77877
24.36571
9.58677
72.75494
13.69798
29.72992
10.03851
2.37975
12.23228
16.39646
15.53769
3.0241
4.44547
12.40155
7.09565
2.85252
21.89453
14.6443
32.63933
13.93237
16.0272
9.23493
26.71201
2.52662
1.80602
142.89942
27.31732
44.90327
2.08972
140.76829
31.41678
14.18847
4.61193
44.682
13.46921
5.0318
8.14907
14.54162
0.62937
15.44141
20.46584
9.50443
1.79927
8.34748
13.03829
1.29342
4.07013
10.59422
13.56197
4.97133
21.97846
13.98032
12.2126
8.28745
2.8713
6.04214
2.34955
9.60575
11.32446
7.01463
9.96066
16.30078
14.37866
9.90047
4.32118
7.11975
10.78657
1.5367
2.73496
0.33657
1.60934
13.38227
3.01785
1.15953
11.47723
7.71924
0.794
2.2464
3.40981
13.78871
15.13064
3.92962
12.85579
1.76578
2.56508
18.0956
7.49325
10.47703
6.01261
7.86346
0.71659
4.44431
1.46456
11.84227
13.61683
2.37394
1.86581
6.46327
0.95611
6.07751
2.47215
7.55556
1.98709
2.7139
17.03874
4.20503
0.79229
1.82938
5.74547
7.08642
0.605
1.75032
4.91902
2.63312
16.80122
50.86954
5.98082
2.49554
4.34231
2.34021
1.58386
11.03573
9.57818
7.144
1.15182
1.0349
0.36878
0.50391
2.15892
1.69852
1.54597
3.56962
3.1083
11.00813
16.95626
63.54017
6.72266
6.16244
7.02875
62.52531
13.31603
1.24616
84.18746
4.06072
10.5
11.50006
9.9391
23.90883
23.29292
2.59757
13.3787
3.75533
3.30428
58.3416
9.40644
6.46074
4.35192
13.46442
20.76014
10.04688
9.17821
52.81003
7.85455
3.33122
6.19406
6.15013
15.37533
45.94682
32.94786
8.60344
1.60359
6.13819
19.23444
3.10424
15.4492
32.75693
14.20312
4.90737
60.93993
22.50333
20.5672
15.7536
0.49793
1.56746
57.1452
11.9293
50.42233
35.77778
19.4318
112.53483
6.38038
21.87557
36.48864
25.5336
16.14745
20.83342
211.49617
1.52508
22.33148
31.88003
18.47045
5.26105
19.7404
20.14774
4.91251
2.26337
15.91419
53.22992
10.25351
4.88867
32.78986
42.99231
4.91209
8.44239
122.12456
34.53257
18.36094
13.00567
14.39516
13.02419
10.53129
2.82076
74.37132
11.08322
4.11828
10.16889
2.56814
27.15037
2.15801
9.36768
9.9897
8
4.0826
6.77177
3.92554
14.27059
70.67813
10.79441
13.35085
70.97258
6.29776
39.75533
0.97206
19.18536
4.41845
2.30497
24.10286
5.25297
2.64581
12.63826
51.44566
11.46123
21.60943
3.0518
9.84283
23.5023
6.00096
5.29497
38.78057
8.27753
33.80151
10.66859
52.78411
1.82899
8.22661
3.42048
11.22211
2.19422
13.67182
16.95332
5.90159
33.45329
100.9073
2.15254
11.11902
10.37775
4.71506
8.71841
26.64261
7.694
4.03055
5.59478
15.1578
6.63402
16.34813
22.77154
9.24024
2.06111
15.42872
24.30714
5.52913
23.50985
10.44882
7.56098
2.90269
